1 241999040 171359043 70639997
2 382635838 161573683 221062155
3 291629372 182429162 109200210
4 130918331 165708561 -34790230
5 131833110 154952517 -23119407
6 161908098 364272992 -202364894
7 219778584 165184256 54594328
8 152279330 250466342 -98187012
9 132508986 258728244 -126219258
10 200301465 162059108 38242357
11 148178856 191674831 -43495975
12 122352561 135865532 -13512971
13 182709668 195738987 -13029319
14 122456466 156085333 -33628867
15 85799285 126377037 -40577752
16 3292711010 162638731 3130072279
